0.0125939,0.00653017,0.00419797,0.00699661,0.00886237,0.00279864,0.00419797,0.00466441,0.0,0.00746305,0.00279864,0.00653017,0.00886237,0.00373153,0.00513085,0.00746305,0.12953257,0.15764791,0.1388076,0.1675606,0.16167054,0.15195907
0.01498467,0.00617016,0.00528871,0.00352581,0.00793306,0.00881451,0.00484798,0.00352581,0.0017629,0.00749234,0.00749234,0.00308508,0.00484798,0.00264435,0.00264435,0.00264435,0.11296873,0.16896227,0.18060246,0.16607052,0.14100089,0.14269071
0.00706488,0.00555098,0.01160659,0.00454171,0.01160659,0.00605561,0.00807415,0.0,0.00403708,0.01412976,0.0131205,0.00454171,0.00555098,0.00050463,0.00302781,0.00100927,0.15733809,0.17780222,0.11928211,0.16243676,0.15461188,0.12810669
0.01251479,0.00804522,0.00402261,0.00446957,0.00849218,0.00581044,0.00446957,0.00223478,0.00089391,0.0062574,0.00804522,0.0062574,0.00759827,0.00089391,0.00446957,0.00446957,0.14062152,0.17918524,0.14266236,0.16221338,0.14623515,0.14013794
0.0139158,0.00808014,0.00448897,0.00269338,0.01077352,0.00359117,0.00314228,0.00134669,0.00134669,0.00583566,0.00852904,0.00763124,0.00314228,0.00134669,0.00718235,0.00628455,0.12534131,0.14612681,0.16595396,0.1513726,0.16674021,0.15513466
0.009132,0.00521829,0.00652286,0.00391371,0.00695772,0.00478343,0.00478343,0.00478343,0.00086971,0.009132,0.00565314,0.00565314,0.00826229,0.00217429,0.00434857,0.00434857,0.12960546,0.16357012,0.13927851,0.15988871,0.15430215,0.16681847
0.01089165,0.00348533,0.00827765,0.00566366,0.00697065,0.00479232,0.00261399,0.00348533,0.00087133,0.00697065,0.00740632,0.00609932,0.00958465,0.00261399,0.00304966,0.00392099,0.12453797,0.18187616,0.16007338,0.14510618,0.14384806,0.15786075
0.01093731,0.00683582,0.00592438,0.00592438,0.00911442,0.00774726,0.00319005,0.00273433,0.00410149,0.00546865,0.00729154,0.00410149,0.00546865,0.00319005,0.00410149,0.00455721,0.14238367,0.15884399,0.13746733,0.15331341,0.16670243,0.15060065
0.00240944,0.00578266,0.00337322,0.00433699,0.0081921,0.01542042,0.00289133,0.0081921,0.00096378,0.00530077,0.00337322,0.00433699,0.00481888,0.0081921,0.00433699,0.01397476,0.12340538,0.15778066,0.15143894,0.15149665,0.15283884,0.16714379
0.00744148,0.00558111,0.0065113,0.0060462,0.00744148,0.00372074,0.00418583,0.00558111,0.00418583,0.0065113,0.0065113,0.00558111,0.00697639,0.00465093,0.00558111,0.0060462,0.13754998,0.14865199,0.14242394,0.14704703,0.16246612,0.16930752
0.0064214,0.00688007,0.00412804,0.00596272,0.00688007,0.00412804,0.0064214,0.00596272,0.00137601,0.00733874,0.00366937,0.00504538,0.00825608,0.00504538,0.00366937,0.01009076,0.13526148,0.15712283,0.14377413,0.16367053,0.14958529,0.15931019
0.0075326,0.00401738,0.00703042,0.00502173,0.00602608,0.00251087,0.0055239,0.0055239,0.00150652,0.01154998,0.01205215,0.0075326,0.00903911,0.00150652,0.00803477,0.0055239,0.1292813,0.17814698,0.14897174,0.14426642,0.1574212,0.14197993
0.00404931,0.00584901,0.00404931,0.00269954,0.00719878,0.01259786,0.00539908,0.00584901,0.00044992,0.00854855,0.00584901,0.00494916,0.00494916,0.00404931,0.00449924,0.00854855,0.12181595,0.16256797,0.15003253,0.1577761,0.1653711,0.15290158
0.00471779,0.0023589,0.00707669,0.00283068,0.00424601,0.01509694,0.00660491,0.00471779,0.00283068,0.00802025,0.00754847,0.00754847,0.00518957,0.00518957,0.00471779,0.00518957,0.11346304,0.15705446,0.15134137,0.16059677,0.15811566,0.16554463
0.0098808,0.00671895,0.00474278,0.00553325,0.00790464,0.00711418,0.0011857,0.00474278,0.0,0.00316186,0.00434755,0.00434755,0.00909034,0.00395232,0.00158093,0.00434755,0.12911533,0.16805239,0.14112197,0.14579531,0.16878181,0.16848201
0.00352554,0.00201459,0.00554013,0.00554013,0.00604378,0.01057662,0.00302189,0.00755473,0.00050365,0.00805838,0.00755473,0.00856202,0.00604378,0.00705108,0.00856202,0.01007297,0.1137273,0.14787184,0.1533088,0.16347895,0.15514279,0.16624428
0.00671307,0.00626553,0.00537045,0.00537045,0.00984583,0.00760814,0.00402784,0.00581799,0.00089508,0.00895075,0.00492291,0.00447538,0.00626553,0.00447538,0.00492291,0.00313276,0.13373974,0.17679274,0.16193702,0.14125385,0.13896252,0.15825413
0.01055377,0.00923455,0.00703585,0.00527689,0.01275248,0.00659611,0.00351792,0.0021987,0.00087948,0.00791533,0.00527689,0.00351792,0.00791533,0.00131922,0.00175896,0.00175896,0.15105337,0.15914765,0.14968121,0.14657066,0.15265025,0.15338848
0.01184634,0.00694441,0.00571892,0.00449344,0.00816989,0.00490193,0.00204247,0.00245097,0.00163398,0.00490193,0.00490193,0.00571892,0.00694441,0.00081699,0.00449344,0.00531043,0.13198978,0.18673925,0.15397511,0.1427632,0.15035864,0.15288361
0.01013948,0.00675966,0.00386266,0.002897,0.00820815,0.00386266,0.00337983,0.00048283,0.00048283,0.00482833,0.01448498,0.01255365,0.00482833,0.00096567,0.01013948,0.00820815,0.13671199,0.17568542,0.15763667,0.16078835,0.14106068,0.1320332
0.00539288,0.00539288,0.00719051,0.00404466,0.0067411,0.00359525,0.00404466,0.00359525,0.00134822,0.00719051,0.00808932,0.01033636,0.00853873,0.00179763,0.00719051,0.00494347,0.14289301,0.17911823,0.14662779,0.14236077,0.14525319,0.15431505
0.00661053,0.00613835,0.00472181,0.00708272,0.00802708,0.00566617,0.00472181,0.00236091,0.00094436,0.00613835,0.01038798,0.00849926,0.00897144,0.00330527,0.00566617,0.00472181,0.13470083,0.1741101,0.15148782,0.14616196,0.14873407,0.1508412
0.0119058,0.0079372,0.00749624,0.00352764,0.00970102,0.00440955,0.00529146,0.00220478,0.00220478,0.0079372,0.00661433,0.00485051,0.00661433,0.00132287,0.00264573,0.00308669,0.14236938,0.1698359,0.15268073,0.15437659,0.14646582,0.14652147
0.00896403,0.00403381,0.00537842,0.00358561,0.00627482,0.00268921,0.00448202,0.00268921,0.0008964,0.00717122,0.01434245,0.00806763,0.00582662,0.00224101,0.00582662,0.00672302,0.11124175,0.16316498,0.1693623,0.16042178,0.14831607,0.15830101
0.01232816,0.00493127,0.00493127,0.00641064,0.00591752,0.00197251,0.00641064,0.00246563,0.00147938,0.00838315,0.00838315,0.0093694,0.0093694,0.00147938,0.0073969,0.00690377,0.11976703,0.16132929,0.15713303,0.15811534,0.15424247,0.15128067
0.00415742,0.00508129,0.0064671,0.00230968,0.00692903,0.00415742,0.00508129,0.00415742,0.00092387,0.00831484,0.00831484,0.01062452,0.00600516,0.00323355,0.00831484,0.0078529,0.13486334,0.16204782,0.15729297,0.16280297,0.1448624,0.14620535
0.00964054,0.00771243,0.00530229,0.00771243,0.00915851,0.00241013,0.00337419,0.00289216,0.00192811,0.00530229,0.00964054,0.00867648,0.01012256,0.00241013,0.00674838,0.00289216,0.13998156,0.1529731,0.15133167,0.16694819,0.14205418,0.15078798
0.01160151,0.00453972,0.00504413,0.00655738,0.00706179,0.00554855,0.00504413,0.00504413,0.0,0.00655738,0.0075662,0.0075662,0.00857503,0.00605296,0.00403531,0.00958386,0.11743757,0.149456,0.16268254,0.15491735,0.14337028,0.17175798
0.00628456,0.00628456,0.00680827,0.00628456,0.00890313,0.01099798,0.00576085,0.00471342,0.00314228,0.00942684,0.00471342,0.00733199,0.00733199,0.00366599,0.00733199,0.00523713,0.15036928,0.14938149,0.16082617,0.13840736,0.14700628,0.14979044
0.00625824,0.0053642,0.0026821,0.00625824,0.00312912,0.00581122,0.00357614,0.0080463,0.0,0.00447017,0.00491719,0.00625824,0.01117542,0.0053642,0.00447017,0.01117542,0.12715355,0.17548114,0.17269359,0.16164894,0.13581021,0.1382562
0.00600596,0.00785394,0.00554396,0.00508196,0.00739195,0.00646795,0.00646795,0.00323398,0.00092399,0.00600596,0.00785394,0.00785394,0.01016392,0.00323398,0.00277198,0.00508196,0.13672769,0.16957425,0.15287674,0.15987634,0.1534287,0.13557896
0.01089957,0.00754586,0.00712664,0.00335372,0.00922272,0.00922272,0.0029345,0.00251529,0.00335372,0.00461136,0.00461136,0.00377293,0.00503057,0.00251529,0.00167686,0.00503057,0.13656591,0.14724095,0.14730391,0.15148712,0.15645774,0.17752071
0.00464087,0.00417678,0.00417678,0.00417678,0.00603313,0.00974582,0.00417678,0.00464087,0.00046409,0.00556904,0.00742539,0.00835356,0.00603313,0.00464087,0.00649721,0.01160217,0.11694818,0.16693864,0.1511688,0.15260311,0.1656196,0.15436841
0.01156713,0.00368045,0.00525779,0.00683512,0.00578356,0.00368045,0.00998979,0.00262889,0.00105156,0.01314446,0.00893824,0.00893824,0.00893824,0.00210311,0.0073609,0.00473201,0.11899648,0.16791472,0.17256914,0.15482164,0.14083948,0.14022861
0.00597455,0.00384078,0.00597455,0.00384078,0.00512104,0.00768156,0.00384078,0.00597455,0.00085351,0.00554779,0.00597455,0.00597455,0.00768156,0.00512104,0.00298727,0.00853507,0.12234439,0.17627245,0.17467617,0.16361409,0.14007607,0.13809292
0.00854255,0.00512553,0.00768829,0.00341702,0.00854255,0.00683404,0.00427127,0.00256276,0.00341702,0.00811542,0.00854255,0.00341702,0.0046984,0.00213564,0.00256276,0.00512553,0.13073173,0.15592347,0.14982073,0.17633421,0.15163386,0.15055764
0.00607124,0.00477026,0.00693856,0.00346928,0.00693856,0.0065049,0.00260196,0.00520392,0.00086732,0.0065049,0.00823954,0.00780588,0.00737222,0.00303562,0.00563758,0.0043366,0.1311711,0.17052902,0.13940033,0.15572146,0.16060158,0.15627821
0.00830959,0.00877123,0.0041548,0.00507808,0.00923288,0.01200274,0.00461644,0.00646301,0.00184658,0.00646301,0.00369315,0.00369315,0.00692466,0.00553973,0.00276986,0.00230822,0.14190489,0.15559759,0.12944063,0.16077444,0.15585251,0.16456281
0.01048759,0.00683973,0.00683973,0.00547178,0.00683973,0.0050158,0.00410384,0.00227991,0.00319187,0.0050158,0.00911964,0.00729571,0.00866366,0.00136795,0.0050158,0.00319187,0.14425906,0.16750139,0.15002333,0.16064107,0.13629664,0.1505381
0.00274957,0.00366609,0.00687392,0.00274957,0.00549914,0.01008175,0.00641566,0.00687392,0.00183305,0.01099827,0.00504088,0.0059574,0.00549914,0.00412435,0.00549914,0.00733218,0.12419637,0.17165311,0.15774242,0.14197189,0.15617963,0.15706256
0.00703202,0.00562561,0.00562561,0.00468801,0.00796962,0.00515681,0.00468801,0.00421921,0.0004688,0.00890722,0.00937602,0.00656322,0.00703202,0.00234401,0.00562561,0.00796962,0.1326949,0.18036397,0.14785045,0.14550152,0.15073977,0.14955796
0.00321734,0.00735391,0.00505581,0.00367696,0.00643467,0.00643467,0.00643467,0.00459619,0.00183848,0.00643467,0.00643467,0.01011163,0.00735391,0.00367696,0.00735391,0.00505581,0.13616552,0.16468334,0.15361459,0.15503289,0.14824895,0.15079045
0.00740518,0.00370259,0.00687624,0.00581835,0.00528941,0.00370259,0.00740518,0.00581835,0.00423153,0.01057882,0.01057882,0.00793412,0.00740518,0.00423153,0.00793412,0.00634729,0.13707868,0.14628955,0.14677741,0.15117811,0.15176877,0.16164818
0.00905454,0.00776104,0.00948571,0.00129351,0.0081922,0.00258701,0.00517402,0.00215584,0.00474286,0.00732987,0.00646753,0.00776104,0.00603636,0.00043117,0.00474286,0.00258701,0.15071625,0.16368609,0.14442628,0.1441473,0.15772874,0.15349278
0.00453642,0.00680463,0.00544371,0.00453642,0.00816556,0.00680463,0.00317549,0.00408278,0.0,0.00635099,0.00998013,0.00907284,0.0086192,0.00181457,0.00725827,0.00362914,0.14633494,0.17240029,0.12885542,0.15844074,0.16003414,0.14365969
0.01147116,0.00477965,0.00764744,0.00382372,0.00716947,0.00334575,0.00430168,0.00095593,0.00191186,0.00669151,0.01338302,0.01051523,0.00716947,0.00095593,0.00716947,0.00382372,0.133113,0.18219277,0.15279553,0.13529541,0.1490858,0.15240245
0.00362457,0.00466016,0.00207118,0.00828473,0.00828473,0.01087371,0.00207118,0.00776694,0.00103559,0.00466016,0.00517796,0.00569576,0.00569576,0.00932033,0.00673135,0.01708727,0.12551189,0.16367568,0.13991395,0.15494505,0.15769275,0.15521929
0.00752006,0.00470004,0.00564004,0.00517004,0.00564004,0.00658005,0.00705006,0.00564004,0.00141001,0.00846007,0.00658005,0.00705006,0.00846007,0.00517004,0.00423003,0.00423003,0.12452526,0.16930923,0.16204351,0.151172,0.1510934,0.14832586
0.00568161,0.0028408,0.00615507,0.00615507,0.00568161,0.00473467,0.0028408,0.00331427,0.0014204,0.00615507,0.00757547,0.01136321,0.00804894,0.00236734,0.00994281,0.00994281,0.12354357,0.16567873,0.15532873,0.14683951,0.16343695,0.15095255
0.00885144,0.00745384,0.00465865,0.00512452,0.00885144,0.00512452,0.00372692,0.00419279,0.00093173,0.00745384,0.00745384,0.00745384,0.00791971,0.0013976,0.00745384,0.00465865,0.13743364,0.16844054,0.15266467,0.16768083,0.133649,0.14742414
0.00763795,0.00572847,0.01050219,0.00477372,0.01002481,0.00525109,0.00572847,0.00095474,0.00381898,0.01002481,0.00907007,0.00716058,0.00716058,0.00047737,0.00525109,0.00143212,0.15117301,0.16954812,0.15692357,0.12531717,0.15446796,0.14757313
0.00722157,0.00807117,0.00424798,0.00297359,0.01019516,0.01656714,0.00424798,0.00339839,0.0008496,0.00594718,0.00169919,0.00509758,0.00424798,0.00382319,0.00339839,0.00254879,0.13035588,0.16797698,0.15561328,0.14750447,0.15127299,0.16274152
0.00757688,0.00490269,0.00846828,0.00267419,0.00668548,0.00445699,0.00445699,0.00178279,0.00311989,0.00668548,0.01292526,0.00891397,0.00623978,0.0013371,0.00579408,0.00267419,0.13378205,0.17143772,0.14879824,0.14961668,0.1590209,0.14865037
0.01075768,0.00819633,0.00819633,0.00358589,0.0087086,0.00204908,0.00768406,0.00102454,0.00307362,0.00768406,0.01588038,0.01024541,0.0087086,0.00153681,0.00461043,0.0,0.1586113,0.15428217,0.14905311,0.14746826,0.13764554,0.15099781
0.00973961,0.00602928,0.00973961,0.00185516,0.0106672,0.00371033,0.00463791,0.00231896,0.00092758,0.00927582,0.01391373,0.00742066,0.00649308,0.00185516,0.00324654,0.00046379,0.13647655,0.18431472,0.16285611,0.14242605,0.13745624,0.1441759
0.00957917,0.00352917,0.00857083,0.00554583,0.00957917,0.00403333,0.00352917,0.00252083,0.00100833,0.00957917,0.01109167,0.01008333,0.0075625,0.00252083,0.00857083,0.003025,0.13684867,0.16432409,0.14923976,0.15132481,0.1402005,0.15773301
0.00890823,0.00562625,0.00890823,0.00281312,0.00656396,0.00187542,0.00468854,0.00234427,0.00468854,0.00750166,0.01547218,0.00750166,0.00656396,0.00046885,0.0060951,0.00328198,0.14209293,0.16721482,0.14777159,0.15054707,0.15204546,0.14702617
0.01753324,0.00645961,0.00738242,0.00322981,0.00830522,0.00369121,0.00322981,0.0009228,0.002307,0.00553681,0.00876662,0.00784382,0.00692101,0.0004614,0.00461401,0.00461401,0.13838483,0.18030863,0.13973975,0.15721116,0.16151331,0.13102354
0.00914691,0.00433275,0.00770266,0.00385133,0.00336992,0.00433275,0.005777,0.00385133,0.00625841,0.00433275,0.01444249,0.00962833,0.00625841,0.00433275,0.00625841,0.00192567,0.13735333,0.16544497,0.15077382,0.15070611,0.15140942,0.14851046
0.00349845,0.00349845,0.00649713,0.00449801,0.00399823,0.0024989,0.00499779,0.00299867,0.00099956,0.00699691,0.01749227,0.01449359,0.00899602,0.00199912,0.01099514,0.00499779,0.13065247,0.17547341,0.15739624,0.14799298,0.1376841,0.15134478
0.00790183,0.00790183,0.00650739,0.00278888,0.0102259,0.0032537,0.00232407,0.00185925,0.00139444,0.00557776,0.01487404,0.00929627,0.00604258,0.00092963,0.0069722,0.00464814,0.14441636,0.15391896,0.15780024,0.13897316,0.1598852,0.15250816
0.00593693,0.00365349,0.00730699,0.00274012,0.00411018,0.00456687,0.00548024,0.00593693,0.00091337,0.00913374,0.00959042,0.00913374,0.00867705,0.00274012,0.0068503,0.00411018,0.12660952,0.18483337,0.15316523,0.1483653,0.14444299,0.15170291
0.00528397,0.0024018,0.00624469,0.00720541,0.00768577,0.00720541,0.00384288,0.00624469,0.00048036,0.00864649,0.00816613,0.00576433,0.00768577,0.00672505,0.00480361,0.00720541,0.11380529,0.14992467,0.1445787,0.16233595,0.173148,0.16061564
0.00843292,0.00562195,0.00655894,0.00421646,0.00843292,0.00562195,0.00468496,0.00281097,0.00093699,0.00843292,0.00796442,0.00843292,0.00749593,0.00187398,0.00655894,0.00515345,0.13407556,0.17603729,0.1411443,0.13414321,0.15640304,0.16496599
0.00793841,0.00396921,0.00694611,0.00595381,0.00595381,0.00446536,0.0029769,0.0019846,0.00049615,0.00248075,0.01041917,0.01488452,0.01091532,0.00396921,0.00793841,0.00744226,0.13467577,0.16455527,0.14478895,0.14836861,0.14735336,0.16152404
0.00859167,0.00161094,0.01664635,0.00322188,0.00590677,0.00107396,0.01181354,0.00214792,0.01342448,0.0155724,0.01396146,0.00322188,0.00214792,0.0026849,0.00375885,0.00107396,0.1545006,0.15235408,0.16381506,0.14780356,0.14410831,0.13055953
0.00538604,0.00342748,0.00391712,0.00440676,0.00636532,0.00783424,0.00783424,0.00587568,0.0,0.01175136,0.00881352,0.00832388,0.00538604,0.0048964,0.00832388,0.0048964,0.12186943,0.16661224,0.15235017,0.16005581,0.15170039,0.14997363
0.00335321,0.00335321,0.00670643,0.0062274,0.0047903,0.00287418,0.00335321,0.0062274,0.00239515,0.00910158,0.01532898,0.00766449,0.00910158,0.00143709,0.00958061,0.00383224,0.12801346,0.16046184,0.16117977,0.1633618,0.15285645,0.13879962
0.0051397,0.00560695,0.00700869,0.00654144,0.00560695,0.00887767,0.00420521,0.00607419,0.00327072,0.00467246,0.00233623,0.00841042,0.01074665,0.0051397,0.0051397,0.00420521,0.13873295,0.16215804,0.14202874,0.15064356,0.16867587,0.14477893
0.00305863,0.00611727,0.00568032,0.00174779,0.00611727,0.00611727,0.00611727,0.00305863,0.00305863,0.00568032,0.0091759,0.00873896,0.00436948,0.00349558,0.00611727,0.00830201,0.13917199,0.17436097,0.14740835,0.13505913,0.15194284,0.16510411
0.00720042,0.00528031,0.00768045,0.00288017,0.00768045,0.00144008,0.00384023,0.00192011,0.00192011,0.00528031,0.01680099,0.01200071,0.00576034,0.0033602,0.00768045,0.00480028,0.13022618,0.16083825,0.15345595,0.15537597,0.15299218,0.15158582
0.00666882,0.00238172,0.00619248,0.00666882,0.00476345,0.00190538,0.00381076,0.00381076,0.00238172,0.00762151,0.00952689,0.00809786,0.00809786,0.00238172,0.0085742,0.01190861,0.12876812,0.18061818,0.16202478,0.14887621,0.13972903,0.14519112
0.00436241,0.00339299,0.00824012,0.00630127,0.00678598,0.00678598,0.00533184,0.00581655,0.00339299,0.01017897,0.00678598,0.00581655,0.00824012,0.0038777,0.00581655,0.00533184,0.14546086,0.17407991,0.16753433,0.14750907,0.13029088,0.13866712
0.01005447,0.00548425,0.00548425,0.00731234,0.00776936,0.00594128,0.00319915,0.00228511,0.0,0.00457021,0.00274213,0.00914042,0.01051149,0.00319915,0.00502723,0.00822638,0.12595083,0.17403011,0.16582756,0.15990324,0.14254859,0.14079245
0.00762911,0.00476819,0.00667547,0.00715229,0.00762911,0.00476819,0.00429137,0.00333774,0.00095364,0.00667547,0.00667547,0.00810593,0.01001321,0.00333774,0.00476819,0.00810593,0.12764263,0.16061152,0.14862568,0.15376383,0.15717192,0.15729736
0.00869148,0.00538044,0.00703596,0.00372492,0.00538044,0.00455268,0.0020694,0.00289716,0.00331104,0.0041388,0.00496656,0.00786372,0.00744984,0.00082776,0.0062082,0.00786372,0.13654137,0.16894627,0.15049851,0.16427988,0.15870664,0.13866519
0.00796491,0.00199123,0.00448026,0.00796491,0.00547588,0.00398246,0.00348465,0.0069693,0.00049781,0.00796491,0.00398246,0.00846272,0.00896053,0.00597369,0.00896053,0.01194737,0.12057951,0.16464228,0.15780655,0.14855514,0.14260989,0.16674302
0.00866614,0.00684169,0.00638558,0.00501724,0.00821003,0.00456113,0.00456113,0.00182445,0.00182445,0.0072978,0.00866614,0.00821003,0.00821003,0.00045611,0.00592946,0.00410501,0.13811824,0.16638084,0.17282571,0.15506756,0.13973642,0.13710482
0.00515428,0.00656,0.00468571,0.00515428,0.00562285,0.00796571,0.00468571,0.00515428,0.00374857,0.00749714,0.00937142,0.00562285,0.00656,0.00140571,0.00749714,0.00656,0.13345395,0.17167247,0.15167586,0.15188989,0.14537524,0.15268691
0.01028896,0.00626285,0.00849958,0.00402612,0.00984162,0.00178938,0.00313142,0.00268408,0.00044735,0.00805223,0.00671019,0.00849958,0.00805223,0.00134204,0.0058155,0.00357877,0.14598014,0.16574249,0.13278745,0.16329849,0.15163258,0.15153696
0.0035631,0.00763521,0.00610817,0.00610817,0.0106893,0.00763521,0.00967127,0.00254507,0.00203606,0.0106893,0.00610817,0.00763521,0.0071262,0.00458113,0.00407211,0.00509014,0.14925139,0.16267619,0.13365374,0.15952704,0.14242385,0.151174
0.01160665,0.00510693,0.00882105,0.00603546,0.00928532,0.00464266,0.00417839,0.00092853,0.00324986,0.00789252,0.00603546,0.00696399,0.00696399,0.0013928,0.00557119,0.00371413,0.14360807,0.16939786,0.14569148,0.14156905,0.15275155,0.15459306
0.00858706,0.00587536,0.00677926,0.00632731,0.00903901,0.00632731,0.00406756,0.0036156,0.00406756,0.00677926,0.00406756,0.00587536,0.00587536,0.00406756,0.00542341,0.00316365,0.14179173,0.16841188,0.1478883,0.16692323,0.14345806,0.14158865
0.00275527,0.00275527,0.00275527,0.00771477,0.00661266,0.01102109,0.00716371,0.0060616,0.00110211,0.0060616,0.0060616,0.01102109,0.00551055,0.01102109,0.00881687,0.01322531,0.11840324,0.16198117,0.16313053,0.1496883,0.14332613,0.15381075
0.00762216,0.00846907,0.00381108,0.00338763,0.00804562,0.00762216,0.00465799,0.00508144,0.00084691,0.00762216,0.00338763,0.00465799,0.00677526,0.00169381,0.00508144,0.0055049,0.13640016,0.18464562,0.15101645,0.14873968,0.15442564,0.14050518
0.00837774,0.01130995,0.00209444,0.00418887,0.01172884,0.00837774,0.0033511,0.00460776,0.00209444,0.00293221,0.00293221,0.00376998,0.00418887,0.00544553,0.00293221,0.00502664,0.13270361,0.14591114,0.16088255,0.16185563,0.15614141,0.15914714
0.00274862,0.00412293,0.00549725,0.00229052,0.00916208,0.01328501,0.00641345,0.00549725,0.0004581,0.0123688,0.00503914,0.00320673,0.00229052,0.00458104,0.00458104,0.00962018,0.12841979,0.16466711,0.15299555,0.15362576,0.14879864,0.16033048
0.00423661,0.00611954,0.00517807,0.00611954,0.00659028,0.00423661,0.00470734,0.00470734,0.0014122,0.00611954,0.00376587,0.00706101,0.00941468,0.00329514,0.00517807,0.01553422,0.13608288,0.16906326,0.14111276,0.14676128,0.1606914,0.15261235
0.00742556,0.00792059,0.00445533,0.00792059,0.00693052,0.01138585,0.00495037,0.00445533,0.00099007,0.00643548,0.00643548,0.00594045,0.01188089,0.00198015,0.00445533,0.00495037,0.13961081,0.17343097,0.15171754,0.14954297,0.13428521,0.1529001
0.00577636,0.00533203,0.00444336,0.00399902,0.00444336,0.01021972,0.00311035,0.00666503,0.00133301,0.00444336,0.00888671,0.00710937,0.00799804,0.00444336,0.00488769,0.00533203,0.12127137,0.1743171,0.15534653,0.15462117,0.15842682,0.14759423
0.00448227,0.0067234,0.00627518,0.00537872,0.00986099,0.00537872,0.00224113,0.0049305,0.00179291,0.00761986,0.00717163,0.00582695,0.00717163,0.00224113,0.0067234,0.00537872,0.14527048,0.16955272,0.13657857,0.15744516,0.14610644,0.15584948
0.00462028,0.0064684,0.0064684,0.00508231,0.00970259,0.00369623,0.00415825,0.00277217,0.00138608,0.00554434,0.00693042,0.00877854,0.00693042,0.00462028,0.00508231,0.00970259,0.14236772,0.15429623,0.15906891,0.15948814,0.13062665,0.16220873
0.00689037,0.00689037,0.00413422,0.00413422,0.00964652,0.01010588,0.00459358,0.00413422,0.00229679,0.00918716,0.00689037,0.00597165,0.00321551,0.00229679,0.0087278,0.00229679,0.13129416,0.16859714,0.15634386,0.16069191,0.14548095,0.14617973
0.00817553,0.00454196,0.00817553,0.00635874,0.00726714,0.00363357,0.00227098,0.00499616,0.00136259,0.00681294,0.00635874,0.00681294,0.01044651,0.00317937,0.00454196,0.00545035,0.1308728,0.15858956,0.1445782,0.15502531,0.16923864,0.15131049
0.00271836,0.00652407,0.00380571,0.00761141,0.01032977,0.00543672,0.00761141,0.00761141,0.0,0.00815508,0.00326203,0.00869876,0.00706774,0.01087345,0.0059804,0.01250446,0.13689655,0.15682725,0.14577019,0.14995991,0.14317639,0.15917892
0.00624486,0.00720561,0.00240187,0.00432337,0.00720561,0.01008785,0.00624486,0.00720561,0.00048037,0.00768598,0.00144112,0.00672524,0.00624486,0.00576449,0.00576449,0.01056823,0.12808018,0.17155876,0.14126549,0.14673352,0.15154037,0.16522726
0.00550108,0.00750147,0.00250049,0.00650128,0.00900177,0.01150226,0.00500098,0.00550108,0.00150029,0.00400079,0.00500098,0.00850167,0.00600118,0.00850167,0.00650128,0.00650128,0.12478912,0.16598163,0.16080935,0.1535779,0.15314633,0.14217613
0.0091575,0.00530171,0.00337382,0.00578369,0.00578369,0.00771158,0.00433776,0.00433776,0.0,0.00771158,0.0091575,0.0091575,0.00819355,0.00144592,0.00963948,0.00481974,0.12865612,0.16814028,0.14832081,0.15882918,0.1461918,0.15394902
0.00597474,0.00554797,0.00597474,0.0051212,0.0064015,0.00341413,0.00213383,0.0051212,0.00213383,0.00597474,0.0051212,0.00725504,0.00810857,0.00213383,0.00725504,0.00725504,0.13715117,0.17063626,0.14860735,0.14937773,0.15007091,0.15922997
0.00391988,0.00489984,0.00391988,0.00391988,0.00734977,0.01224961,0.00734977,0.00832974,0.0,0.0093097,0.00244992,0.00734977,0.00538983,0.0093097,0.00489984,0.00685978,0.12158071,0.159212,0.15677486,0.15957411,0.14729265,0.15805877
0.0110346,0.00300944,0.00652045,0.00802516,0.0110346,0.00401258,0.00351101,0.00250786,0.0,0.00952988,0.01253932,0.00451415,0.00652045,0.00451415,0.00401258,0.00852674,0.11982844,0.17235124,0.17211868,0.14988862,0.14693423,0.13906581
0.00949502,0.0028485,0.01139402,0.00332326,0.00712126,0.00142425,0.00379801,0.0009495,0.001899,0.00854551,0.01471727,0.01091927,0.00807076,0.00047475,0.00664651,0.0028485,0.12938255,0.18041545,0.15363512,0.14867509,0.15151181,0.14190456
0.00943017,0.00449056,0.008083,0.00359245,0.00583772,0.00224528,0.0040415,0.00179622,0.00134717,0.00583772,0.0121245,0.00987923,0.00898111,0.00179622,0.00449056,0.00538867,0.12523761,0.17499579,0.15313068,0.15781706,0.15717568,0.14228109
0.00716352,0.00716352,0.00665184,0.00460512,0.0076752,0.00358176,0.00921024,0.00307008,0.00358176,0.00921024,0.00869856,0.01074528,0.00716352,0.00358176,0.0076752,0.00204672,0.15105793,0.15370963,0.14605648,0.16719533,0.12491365,0.15524265
0.01231695,0.00501802,0.01049222,0.00319328,0.00729894,0.00182473,0.00410565,0.0027371,0.00228092,0.00729894,0.01140459,0.00775512,0.00866749,0.00182473,0.00319328,0.00136855,0.14038627,0.17082407,0.15174726,0.14813386,0.15247361,0.14565442
0.01203162,0.01251288,0.00385012,0.00481265,0.01443794,0.00914403,0.00336885,0.00288759,0.00096253,0.00625644,0.00529391,0.00529391,0.00577518,0.00192506,0.00577518,0.00144379,0.15696587,0.15860173,0.14540459,0.15815805,0.1533272,0.13177085
0.00871846,0.00272452,0.00762865,0.00435923,0.00762865,0.00817356,0.01198789,0.00108981,0.00163471,0.01689202,0.01253279,0.00817356,0.00599394,0.00108981,0.00653885,0.00326942,0.1211626,0.16049354,0.15506252,0.15671591,0.14091664,0.15721291
0.01022703,0.00487001,0.00487001,0.00340901,0.00827902,0.00535701,0.00487001,0.00194801,0.0,0.00827902,0.01801905,0.00827902,0.00487001,0.00194801,0.00730502,0.00438301,0.11714814,0.16957615,0.15867974,0.16247961,0.16216172,0.13304137
0.0139852,0.00917779,0.00655556,0.00480741,0.01223705,0.00655556,0.0034963,0.00305926,0.00174815,0.00786668,0.00305926,0.00174815,0.00611853,0.00218519,0.00131111,0.00305926,0.1404388,0.17136055,0.16671665,0.15827351,0.13465614,0.14158387
0.00738183,0.00876592,0.00507501,0.00784319,0.01107274,0.0064591,0.00553637,0.00415228,0.00184546,0.00922729,0.00415228,0.00369091,0.00830456,0.00276819,0.00461364,0.00092273,0.14262385,0.15725105,0.16846532,0.15596478,0.14607982,0.13780369
0.01019551,0.00487611,0.00664924,0.00443283,0.00975223,0.00620596,0.00576268,0.00177313,0.00044328,0.00797909,0.00620596,0.00664924,0.00576268,0.00443283,0.00221641,0.00487611,0.12104026,0.17829233,0.17606831,0.15407496,0.13956849,0.14274234
0.00483636,0.00591111,0.00376162,0.00752323,0.00591111,0.00537374,0.00537374,0.00752323,0.00214949,0.00644848,0.00644848,0.0080606,0.00913535,0.00698586,0.00698586,0.01450909,0.1345025,0.15974525,0.13251792,0.15632293,0.15589306,0.15408099
0.00785334,0.00739138,0.00600549,0.00369569,0.01108707,0.00646746,0.00508157,0.00508157,0.00092392,0.00923922,0.00877726,0.00415765,0.00508157,0.00461961,0.00323373,0.00323373,0.13548718,0.15611483,0.15354963,0.15528913,0.15028797,0.157341
0.00878862,0.00460356,0.00920712,0.00334805,0.00669609,0.00460356,0.00334805,0.00209253,0.00544057,0.00585908,0.01046264,0.00418506,0.00502207,0.00167402,0.00292954,0.00502207,0.13702681,0.16659336,0.16772764,0.14226011,0.14848566,0.15462379
0.00865004,0.00605503,0.00821754,0.00216251,0.00778504,0.00605503,0.00475752,0.00346002,0.00259501,0.00778504,0.00692003,0.00648753,0.00648753,0.00216251,0.00389252,0.00259501,0.13615307,0.15356728,0.14743423,0.16117602,0.16581623,0.14978525
0.000705,0.00281999,0.00422998,0.00140999,0.00493498,0.00563997,0.03524983,0.00704997,0.00140999,0.03806981,0.0204449,0.00422998,0.00140999,0.00704997,0.00422998,0.00140999,0.12102665,0.16218822,0.15410904,0.1436115,0.13727735,0.14149293
0.00695266,0.00595942,0.00695266,0.00844252,0.01092561,0.00297971,0.00645604,0.00248309,0.00049662,0.01042899,0.00844252,0.00645604,0.01042899,0.00347633,0.00397295,0.00397295,0.13510939,0.16215334,0.14594831,0.14851739,0.16541267,0.14403177
0.00511036,0.00557494,0.00789783,0.00557494,0.00743325,0.00418121,0.00929157,0.00418121,0.00371663,0.01207904,0.00464578,0.00464578,0.00836241,0.00325205,0.00278747,0.00371663,0.14043005,0.14524692,0.16065441,0.13309326,0.15854757,0.16957669
0.00369788,0.00508458,0.00508458,0.00462234,0.00508458,0.00739575,0.00369788,0.00878245,0.0,0.00739575,0.00323564,0.00739575,0.01016916,0.00508458,0.00554681,0.00970692,0.1275796,0.17439027,0.15678441,0.15724498,0.15054688,0.14146921
0.0028992,0.00483199,0.00579839,0.0019328,0.00724799,0.00579839,0.00579839,0.00338239,0.0019328,0.00773119,0.00869759,0.01256318,0.00386559,0.00338239,0.01063038,0.00966398,0.13970625,0.17757555,0.14535649,0.14340549,0.15601937,0.14178021
0.00771003,0.0062644,0.00578252,0.00481877,0.01011942,0.00674628,0.00578252,0.00481877,0.0,0.01156505,0.00481877,0.00530065,0.00674628,0.00289126,0.00481877,0.00771003,0.13602281,0.17427229,0.15727738,0.14304211,0.14755585,0.14593605
0.00892915,0.00751928,0.00610942,0.00610942,0.00610942,0.00516951,0.00610942,0.0042296,0.00187982,0.00516951,0.00281973,0.00892915,0.01174888,0.00375964,0.00375964,0.00516951,0.14917427,0.15692107,0.13611242,0.16862163,0.16715719,0.12849233
0.00539901,0.00584893,0.00494909,0.00584893,0.00584893,0.00809852,0.00404926,0.00359934,0.00044992,0.00404926,0.00269951,0.00944827,0.01034811,0.00359934,0.00494909,0.01034811,0.14472192,0.17193741,0.13325857,0.14171294,0.15493111,0.16390444
0.00608761,0.00655588,0.00374622,0.00515105,0.00749244,0.00702416,0.00655588,0.00608761,0.00046828,0.00983382,0.00889727,0.0042145,0.00749244,0.00374622,0.0042145,0.00561933,0.13657797,0.16875861,0.1500975,0.16143861,0.14134882,0.1485913
0.00552899,0.00598974,0.00276449,0.00506824,0.00598974,0.00783273,0.00460749,0.00322524,0.00230375,0.00460749,0.00737199,0.00645049,0.00552899,0.00322524,0.00598974,0.01520472,0.12438108,0.15576805,0.14320028,0.15031658,0.16709528,0.16754966
0.00680527,0.00340263,0.00583309,0.00680527,0.00388872,0.00243045,0.00340263,0.00437481,0.00194436,0.00680527,0.00972181,0.00972181,0.00972181,0.00145827,0.00923572,0.01118008,0.13415338,0.1709801,0.14563912,0.15023059,0.15215068,0.15011413
0.00318271,0.00727476,0.00409205,0.00272803,0.00636541,0.00682009,0.00454672,0.01136681,0.00227336,0.00954812,0.00318271,0.00363738,0.0050014,0.00545607,0.00727476,0.00772943,0.1378359,0.15796085,0.1416264,0.14261784,0.1534548,0.1760244
0.00819161,0.00646706,0.00603592,0.00258682,0.00905388,0.00905388,0.00301796,0.00129341,0.00043114,0.00517365,0.00905388,0.00905388,0.00560478,0.00172455,0.00560478,0.0034491,0.12787148,0.16175415,0.15536964,0.1566028,0.1499959,0.16260974
0.00604741,0.00604741,0.00651259,0.0032563,0.00837334,0.00744296,0.00697778,0.0032563,0.00139556,0.00930371,0.00558222,0.00883852,0.00558222,0.0032563,0.00604741,0.00465185,0.13753739,0.16762456,0.14660372,0.15141022,0.14613731,0.15811492
0.00823566,0.00549044,0.00640551,0.00320276,0.00686305,0.0050329,0.00640551,0.00320276,0.00183015,0.00732058,0.00594798,0.01052334,0.00686305,0.00320276,0.00686305,0.00366029,0.13985632,0.1827933,0.15433969,0.14708867,0.15628263,0.12858962
0.0115038,0.0057519,0.00862785,0.00431392,0.00910717,0.00287595,0.00431392,0.0019173,0.00095865,0.00718987,0.00814852,0.01006582,0.00862785,0.00287595,0.00527257,0.0038346,0.14161298,0.18046375,0.15714635,0.1399702,0.13711606,0.14830501
0.01431793,0.00345605,0.00987444,0.00345605,0.00493722,0.00098744,0.0044435,0.00246861,0.0044435,0.00789955,0.01283677,0.00987444,0.00740583,0.00049372,0.00789955,0.00345605,0.13303963,0.18656991,0.13823564,0.14076561,0.15295739,0.15018116
0.00555553,0.00555553,0.00648145,0.00138888,0.00601849,0.00277777,0.00509257,0.00370369,0.00092592,0.00787034,0.01388883,0.01203699,0.00648145,0.00138888,0.00972218,0.00324073,0.13913138,0.17039718,0.13301192,0.15491243,0.17327546,0.13714238
0.00803486,0.00634331,0.00718908,0.00380599,0.00972641,0.00422887,0.0033831,0.00253732,0.00169155,0.00803486,0.00718908,0.00549753,0.00549753,0.00169155,0.00465176,0.00465176,0.12827086,0.15517226,0.15858655,0.16325029,0.160514,0.15005147
0.01099385,0.00307828,0.00879508,0.00263852,0.00659631,0.00263852,0.00219877,0.00175902,0.00395778,0.00527705,0.01187335,0.00923483,0.00439754,0.00219877,0.00703606,0.00483729,0.11938495,0.1701413,0.15502953,0.15663479,0.15027753,0.16102089
0.00604293,0.00906439,0.00388474,0.00172655,0.00776948,0.00561129,0.00388474,0.00388474,0.0,0.00517965,0.00863275,0.00949603,0.00647456,0.00129491,0.0069062,0.00604293,0.14695864,0.17325155,0.13572116,0.16348306,0.15186631,0.14282342
0.00435313,0.00386945,0.00628785,0.00290208,0.00773889,0.00725521,0.00967361,0.00290208,0.00096736,0.01354306,0.01015729,0.00725521,0.00435313,0.0024184,0.00580417,0.00677153,0.13308982,0.16946174,0.1350932,0.1412471,0.15895846,0.16589724
0.0059016,0.00408572,0.0059016,0.00408572,0.00726351,0.00817145,0.00408572,0.00272382,0.00136191,0.00771748,0.01271114,0.00726351,0.00544763,0.00226985,0.00635557,0.00499366,0.12964605,0.17233991,0.15885675,0.16262739,0.13907911,0.1471109
0.00568255,0.00649435,0.00527666,0.00365307,0.00771204,0.00852383,0.00202948,0.00690024,0.00162359,0.00568255,0.00446486,0.00405897,0.00608845,0.00487076,0.00365307,0.00405897,0.13036721,0.16562443,0.16562087,0.15376007,0.14625278,0.1576012
0.003993,0.00499125,0.003993,0.0019965,0.0059895,0.01048162,0.00898424,0.00549037,0.00049912,0.00948337,0.00648862,0.00948337,0.00499125,0.00549037,0.00648862,0.01048162,0.13052472,0.16489591,0.14467726,0.14077928,0.14862244,0.17117459
0.00645844,0.00269102,0.00538204,0.00484383,0.00538204,0.00376743,0.00807306,0.00269102,0.00322922,0.01130228,0.01722252,0.01184048,0.00430563,0.00269102,0.01291689,0.00430563,0.13259665,0.16894213,0.14746628,0.14646823,0.1518371,0.14558707
0.01314207,0.00525683,0.00788524,0.00657104,0.00788524,0.00175228,0.00262841,0.00262841,0.00219035,0.00525683,0.0056949,0.00657104,0.01007559,0.00219035,0.00350455,0.00394262,0.13307623,0.17128211,0.16165454,0.15172922,0.1467369,0.14834525
0.01294502,0.00739715,0.0083218,0.00323625,0.00739715,0.00277393,0.00554786,0.00231161,0.00231161,0.00693483,0.00970876,0.00785947,0.00924644,0.00092464,0.00323625,0.00184929,0.13896447,0.18264026,0.16101288,0.15138826,0.14753084,0.12646121
0.00581703,0.00630178,0.00193901,0.00533227,0.00824079,0.00727128,0.00533227,0.00484752,0.0,0.00727128,0.00824079,0.00921029,0.00581703,0.00484752,0.00872554,0.00727128,0.12523089,0.16121922,0.15608184,0.15543854,0.15822694,0.14733688
0.00465504,0.00465504,0.00418953,0.00372403,0.00698255,0.00558604,0.00465504,0.00372403,0.0004655,0.00465504,0.00744806,0.01210309,0.00512054,0.00651705,0.00837906,0.00977557,0.13130239,0.17191179,0.15100623,0.1558602,0.14303394,0.15425026
0.00499266,0.00816981,0.00272327,0.00453878,0.00726205,0.01815513,0.00590042,0.00453878,0.00181551,0.00544654,0.00272327,0.00499266,0.00635429,0.0040849,0.00363103,0.00499266,0.13149312,0.16052967,0.14790592,0.1562537,0.16890824,0.14458759
0.01274915,0.0068299,0.00455327,0.0050086,0.00819588,0.0068299,0.00318729,0.00273196,0.0,0.00455327,0.00591925,0.00591925,0.00865121,0.00273196,0.00273196,0.01001719,0.11776171,0.1485028,0.15258387,0.1610562,0.16446418,0.16502119
0.00624179,0.00445842,0.00713347,0.00713347,0.008471,0.00445842,0.00267505,0.00490426,0.00222921,0.00624179,0.00133753,0.00668763,0.00802516,0.00535011,0.00535011,0.00802516,0.13481325,0.15769024,0.14882376,0.1474764,0.15351723,0.16895654
0.00719838,0.01079757,0.00494889,0.00449899,0.01304706,0.00674848,0.00359919,0.00494889,0.0017996,0.00674848,0.00269939,0.00359919,0.00539879,0.00359919,0.00404909,0.00584868,0.15434241,0.15087992,0.1468956,0.16679226,0.14535755,0.14620242
0.01077927,0.00538963,0.0058796,0.00783947,0.0073495,0.0029398,0.00244983,0.00342977,0.00244983,0.0058796,0.00930937,0.00783947,0.00930937,0.0014699,0.00783947,0.0073495,0.13172165,0.16012712,0.14043699,0.15576364,0.16376561,0.15068163
0.00507769,0.00738574,0.00369287,0.0055393,0.00877056,0.010617,0.0055393,0.00646252,0.00184643,0.00738574,0.00138483,0.0055393,0.00600091,0.00600091,0.0055393,0.00507769,0.14248179,0.1723488,0.15489944,0.13744413,0.13932027,0.16164545
0.00993385,0.00898777,0.0047304,0.00331128,0.00898777,0.00378432,0.00520344,0.00283824,0.00094608,0.00614952,0.00520344,0.01135297,0.00662256,0.0023652,0.00851472,0.00520344,0.14483397,0.17358751,0.14789604,0.1418492,0.16213817,0.1355601
0.00338069,0.00917615,0.00193182,0.00676137,0.00531251,0.00772728,0.00531251,0.00821024,0.00048296,0.00482955,0.00193182,0.00772728,0.01207388,0.00482955,0.00579546,0.01062502,0.13801445,0.15223143,0.13633733,0.16888587,0.15655412,0.15186869
0.00419338,0.00559118,0.00326152,0.00372745,0.00559118,0.00419338,0.00512524,0.00372745,0.00046593,0.00605711,0.01211421,0.00838676,0.00652304,0.00232966,0.00698897,0.01444387,0.11788332,0.16870555,0.15178911,0.13925593,0.16384513,0.16580062
0.00226074,0.00226074,0.00339112,0.01073853,0.00678223,0.00678223,0.00339112,0.00452149,0.0,0.00678223,0.00734742,0.01412965,0.00960816,0.00565186,0.01412965,0.01469484,0.12539025,0.16788733,0.15548006,0.1605279,0.13959721,0.13864523
0.00325509,0.00325509,0.00434012,0.01030778,0.00542515,0.00434012,0.00434012,0.00542515,0.0,0.00434012,0.00651018,0.0146479,0.01247784,0.00759521,0.00976527,0.01193533,0.13192955,0.15721105,0.13471595,0.15998925,0.16456346,0.14363029
0.00396419,0.00440465,0.00484512,0.00572605,0.00792837,0.00836884,0.00308326,0.00484512,0.00044047,0.00704744,0.00484512,0.00704744,0.00704744,0.00396419,0.00660698,0.00748791,0.12133334,0.16133145,0.14310526,0.1628622,0.16826786,0.15544734
0.00955704,0.00819175,0.00500607,0.00455097,0.00637136,0.00546117,0.00364078,0.00500607,0.0004551,0.00409588,0.00728156,0.00728156,0.01092234,0.00273058,0.00364078,0.00637136,0.14817431,0.17264276,0.11983095,0.17530484,0.15573003,0.13775274
0.00430634,0.00732078,0.0038757,0.00301444,0.00904331,0.01205775,0.00301444,0.00602887,0.0,0.00516761,0.00602887,0.00516761,0.00516761,0.00559824,0.0038757,0.00602887,0.1241075,0.14592911,0.15368257,0.16545529,0.15304512,0.17208427
0.00143117,0.00381644,0.0042935,0.00381644,0.008587,0.01240344,0.00715583,0.00524761,0.0,0.00954111,0.00477055,0.00715583,0.00333939,0.00715583,0.00572467,0.01049522,0.11764875,0.16133155,0.15325725,0.15940562,0.17436742,0.13905538
0.00250589,0.00451061,0.00200472,0.00451061,0.00601415,0.01353183,0.00551297,0.0095224,0.0,0.01002358,0.00350825,0.00551297,0.00551297,0.00651532,0.00751768,0.01303065,0.11793857,0.15388227,0.15586183,0.16319787,0.15617003,0.15321485
0.00329537,0.0056492,0.0056492,0.00376614,0.00753227,0.00941534,0.00753227,0.00470767,0.0014123,0.01082764,0.0056492,0.00800304,0.00611997,0.00329537,0.00706151,0.00376614,0.12923517,0.16970469,0.16596629,0.15346247,0.13101885,0.15692989
0.00973661,0.00719662,0.0055033,0.00253998,0.00677329,0.00423331,0.00507997,0.00380998,0.00253998,0.00804328,0.00634996,0.00507997,0.0055033,0.00042333,0.0055033,0.00592663,0.13499061,0.16250651,0.15442937,0.16808406,0.1554925,0.14025412
0.00213164,0.00373036,0.00266454,0.00319745,0.00479618,0.01332272,0.00692782,0.00799363,0.0,0.00852654,0.00959236,0.00905945,0.00479618,0.00746073,0.00852654,0.01332272,0.11443115,0.16405697,0.1507417,0.15383753,0.15753468,0.15334908
0.01088307,0.00567812,0.00378542,0.00804401,0.00804401,0.01277578,0.00520495,0.00473177,0.00189271,0.00709766,0.00283906,0.00378542,0.00757083,0.00473177,0.00425859,0.00283906,0.13308273,0.17824849,0.16722662,0.15342253,0.13136854,0.14248887
0.00310271,0.00517118,0.00413695,0.00672254,0.00775678,0.00620542,0.00723966,0.00723966,0.00155136,0.00775678,0.00310271,0.00879101,0.00672254,0.00930813,0.00672254,0.01137661,0.13204925,0.1675807,0.13905565,0.15570215,0.14692939,0.15577628
0.00335965,0.00623934,0.00335965,0.00335965,0.0047995,0.00863909,0.00911904,0.0047995,0.0009599,0.00767919,0.00863909,0.01055889,0.00719924,0.00431955,0.00719924,0.00527945,0.12751289,0.16548534,0.15125793,0.15411918,0.151372,0.15474271
